fista_dwt_lite Training | FISTA_DWT_Lite_ratio8_L4_d32_J3_20260319_185909
  layers=4, params=878,852
  d_model=32, nhead=4, hasa_layers=1
  num_conv_blocks=2, conv_ks=5, dwt_levels=3
  samples=9600, train=8576, val=1024

[Epoch    1/200] Train: 0.002318 (1.23dB) | Val: 0.002090 (1.64dB, init:0.54) NMSE:0.699052 | RF:0.00077 Env:0.01316 Con:0.00000 | LR:0.001000 | 107.0s
         rho1=0.951 rho2=0.951 eta=0.6911 gamma=0.000
[Epoch   10/200] Train: 0.002006 (1.59dB) | Val: 0.002063 (1.66dB, init:0.54) NMSE:0.691932 | RF:0.00078 Env:0.01287 Con:0.00000 | LR:0.000994 | 100.4s
         rho1=1.006 rho2=1.006 eta=0.6295 gamma=0.000
[Epoch   20/200] Train: 0.001963 (1.66dB) | Val: 0.001958 (1.70dB, init:0.54) NMSE:0.691606 | RF:0.00076 Env:0.01199 Con:0.00000 | LR:0.000976 | 107.2s
         rho1=1.023 rho2=1.023 eta=0.6357 gamma=0.000
[Epoch   30/200] Train: 0.001951 (1.69dB) | Val: 0.001950 (1.70dB, init:0.54) NMSE:0.694029 | RF:0.00076 Env:0.01190 Con:0.00000 | LR:0.000946 | 98.6s
         rho1=1.053 rho2=1.053 eta=0.6459 gamma=0.000
